251776 
260176 
274176 
296576 
318976 
341376 
363776 
386176 
408576 
423976 
430976 
453376 
475776 
481376 
22592 
253184 
260184 
275584 
297984 
320384 
342784 
365184 
387584 
409984 
423984 
432384 
454784 
477184 
481384 
22592 
254592 
260192 
276992 
299392 
321792 
344192 
366592 
388992 
411392 
423992 
433792 
456192 
478592 
481392 
22592 
256000 
260200 
278400 
300800 
323200 
345600 
366600 
368000 
390400 
412800 
424000 
435200 
457600 
480000 
481400 
22592 
257408 
260208 
279808 
302208 
324608 
347008 
366608 
369408 
391808 
414208 
424008 
436608 
459008 
481408 
22592 
258816 
260216 
281216 
303616 
326016 
348416 
366616 
370816 
393216 
415616 
424016 
438016 
460416 
482816 
22592 
260224 
282624 
305024 
327424 
349824 
372224 
394624 
417024 
439424 
461824 
484224 
261632 
284032 
306432 
328832 
351232 
373632 
396032 
418432 
440832 
463232 
485632 
514176 
260240 
263040 
285440 
307840 
317640 
330240 
352640 
375040 
397440 
419840 
442240 
464640 
487040 
264448 
286848 
309248 
331648 
354048 
376448 
398848 
421248 
443648 
466048 
488448 
265856 
288256 
310656 
333056 
355456 
377856 
400256 
422656 
445056 
467456 
489856 
267264 
289664 
312064 
334464 
356864 
379264 
401664 
424064 
446464 
468864 
481464 
246272 
260272 
268672 
291072 
313472 
317672 
335872 
358272 
380672 
403072 
424072 
425472 
447872 
470272 
481472 
247680 
260280 
270080 
292480 
314880 
317680 
337280 
359680 
382080 
404480 
424080 
426880 
449280 
471680 
481480 
249088 
260288 
271488 
293888 
316288 
317688 
338688 
361088 
383488 
405888 
424088 
428288 
450688 
473088 
481488 
250496 
260296 
272896 
295296 
317696 
340096 
362496 
384896 
407296 
429696 
452096 
474496 
251904 
274304 
296704 
309304 
319104 
341504 
363904 
366704 
386304 
408704 
431104 
453504 
473104 
475904 
251912 
253312 
275712 
298112 
309312 
320512 
342912 
365312 
366712 
387712 
410112 
432512 
454912 
473112 
477312 
251920 
254720 
277120 
299520 
309320 
321920 
344320 
366720 
389120 
411520 
424120 
433920 
456320 
478720 
481520 
256128 
260328 
278528 
300928 
323328 
345728 
366728 
368128 
390528 
412928 
424128 
435328 
457728 
480128 
481528 
257536 
260336 
279936 
302336 
324736 
347136 
366736 
369536 
391936 
414336 
424136 
436736 
459136 
481536 
258944 
281344 
303744 
326144 
348544 
370944 
393344 
415744 
438144 
460544 
473144 
482944 
251952 
260352 
282752 
305152 
309352 
327552 
349952 
372352 
394752 
415752 
417152 
439552 
461952 
473152 
484352 
251960 
261760 
284160 
306560 
309360 
328960 
351360 
373760 
396160 
415760 
418560 
440960 
463360 
473160 
485760 
251968 
514304 
260368 
263168 
285568 
307968 
309368 
317768 
330368 
352768 
375168 
397568 
415768 
419968 
442368 
464768 
473168 
487168 
251976 
264576 
286976 
309376 
331776 
354176 
376576 
398976 
421376 
443776 
466176 
488576 
265984 
288384 
310784 
333184 
355584 
377984 
400384 
422784 
445184 
467584 
489984 
267392 
289792 
312192 
334592 
356992 
379392 
401792 
424192 
446592 
468992 
481592 
246400 
260400 
268800 
291200 
313600 
317800 
336000 
358400 
380800 
403200 
415800 
424200 
425600 
448000 
470400 
473200 
481600 
247808 
252008 
260408 
270208 
292608 
315008 
317808 
337408 
358408 
359808 
382208 
404608 
415808 
424208 
427008 
449408 
471808 
473208 
481608 
249216 
252016 
260416 
271616 
294016 
316416 
317816 
338816 
358416 
361216 
383616 
406016 
415816 
424216 
428416 
450816 
473216 
481616 
250624 
260424 
273024 
295424 
317824 
340224 
362624 
385024 
407424 
429824 
452224 
474624 
252032 
274432 
296832 
319232 
341632 
364032 
386432 
408832 
431232 
453632 
476032 
253440 
275840 
298240 
320640 
343040 
365440 
387840 
410240 
432640 
455040 
477440 
254848 
277248 
299648 
322048 
344448 
366848 
389248 
411648 
424248 
434048 
456448 
478848 
481648 
256256 
260456 
278656 
301056 
323456 
345856 
366856 
368256 
390656 
413056 
424256 
435456 
457856 
480256 
481656 
257664 
260464 
280064 
302464 
324864 
347264 
366864 
369664 
392064 
414464 
424264 
436864 
459264 
481664 
259072 
281472 
303872 
326272 
348672 
371072 
393472 
415872 
438272 
460672 
483072 
260480 
282880 
305280 
327680 
350080 
372480 
394880 
417280 
439680 
462080 
484480 
261888 
284288 
306688 
329088 
351488 
373888 
396288 
418688 
441088 
463488 
485888 
514432 
260496 
263296 
285696 
308096 
317896 
330496 
352896 
375296 
397696 
420096 
442496 
464896 
487296 
264704 
287104 
309504 
331904 
354304 
376704 
399104 
421504 
443904 
466304 
488704 
266112 
288512 
310912 
333312 
355712 
378112 
400512 
422912 
445312 
467712 
490112 
267520 
289920 
312320 
334720 
357120 
379520 
401920 
424320 
446720 
469120 
481720 
246528 
260528 
268928 
291328 
313728 
317928 
336128 
358528 
380928 
403328 
424328 
425728 
448128 
470528 
481728 
247936 
260536 
270336 
292736 
315136 
317936 
337536 
359936 
382336 
404736 
424336 
427136 
449536 
471936 
481736 
249344 
260544 
271744 
294144 
316544 
317944 
338944 
361344 
383744 
406144 
424344 
428544 
450944 
473344 
481744 
250752 
260552 
273152 
295552 
317952 
340352 
362752 
385152 
407552 
429952 
452352 
474752 
252160 
274560 
296960 
319360 
341760 
364160 
386560 
408960 
431360 
453760 
476160 
253568 
275968 
298368 
320768 
343168 
365568 
387968 
410368 
432768 
455168 
477568 
254976 
277376 
299776 
322176 
344576 
366976 
389376 
411776 
424376 
434176 
456576 
478976 
481776 
256384 
260584 
278784 
301184 
323584 
345984 
366984 
368384 
390784 
413184 
424384 
435584 
457984 
480384 
481784 
245192 
257792 
260592 
280192 
302592 
324992 
347392 
366992 
369792 
392192 
414592 
424392 
436992 
459392 
481792 
23992 
259200 
281600 
304000 
326400 
348800 
371200 
393600 
416000 
438400 
460800 
483200 
260608 
283008 
305408 
327808 
350208 
372608 
395008 
417408 
439808 
462208 
484608 
262016 
284416 
306816 
329216 
351616 
374016 
396416 
409016 
418816 
441216 
463616 
466416 
486016 
245224 
514560 
260624 
263424 
285824 
308224 
318024 
330624 
351624 
353024 
375424 
397824 
409024 
420224 
442624 
465024 
466424 
487424 
245232 
264832 
287232 
309632 
332032 
351632 
354432 
376832 
399232 
409032 
421632 
444032 
466432 
488832 
266240 
288640 
311040 
333440 
355840 
378240 
400640 
423040 
445440 
467840 
245248 
267648 
290048 
312448 
334848 
357248 
379648 
402048 
424448 
446848 
469248 
481848 
246656 
260656 
269056 
291456 
313856 
318056 
336256 
358656 
381056 
403456 
424456 
425856 
448256 
470656 
481856 
248064 
260664 
270464 
292864 
315264 
318064 
337664 
360064 
382464 
404864 
424464 
427264 
449664 
472064 
481864 
249472 
260672 
271872 
294272 
316672 
318072 
339072 
361472 
383872 
406272 
424472 
428672 
451072 
473472 
481872 
250880 
260680 
273280 
295680 
318080 
340480 
362880 
385280 
407680 
430080 
452480 
474880 
252288 
274688 
297088 
319488 
341888 
364288 
386688 
409088 
431488 
453888 
476288 
253696 
276096 
298496 
320896 
343296 
365696 
388096 
410496 
432896 
455296 
477696 
255104 
277504 
299904 
322304 
344704 
367104 
389504 
411904 
424504 
434304 
456704 
479104 
481904 
256512 
260712 
278912 
301312 
323712 
346112